12 10
0 0
0 5
0 -5
7.5 7.5
7.5 2.5
7.5 -2.5
7.5 -7.5
15 10
15 0
15 -10
0 -10
0 10
//1
-10 7
-10 8
-10 6
-10 6
-10 6
-10 6
-10 6
-10 6
-10 6
-10 6
-10 8
-10 8
//2
-10 -7
-10 -6
-10 -8
-10 -8
-10 -8
-10 -8
-10 -8
-10 -8
-10 -8
-10 -8
-10 -6
-10 -6
//3
-7 8
-7 8
-7 6
-5 6
-5 6
-5 6
-5 6
-5 6
-5 6
-5 6
-7 8
-7 8
//4
-7 0
-7 1
-7 -1
-5 0
-5 0
-5 0
-5 0
-5 0
-5 0
-5 0
-7 1
-7 -1
//5
-7 -8
-7 -6
-7 -8
-5 -8
-5 -6
-5 -8
-5 -6
-5 -6
-5 -8
-5 -6
-7 -6
-7 -8
//6
-2 7
0 5
-1 6
0 5
0 5
1 4
1 3
2 8
2 5
2 3 
0 10
-1 3
//7
0 0
-1 2
-1 -2
1 0
0 0
0 0
1 0
3 0
3 0 
3 0
0 4
0 -4
//8
-2 -7
-1 -6
0 -5
1 -4
1 -3
0 -5
0 -5
4 -2
2 -4
2 -7
-1 -3
0 -10
//9
3 4
2 4
4 2
7.5 7.5
7.5 2.5
8 3
8 1
15 10
15 0
13 0
3 10
3 0
//10
3 -4
4 -2
2 -4
8 0
8 2
7.5 -2.5
7.5 -7.5
13 0
13 -2
15 -10
3 0
3 -10
